      0.00000  1.50260e-06  0.000483351
    0.0199325  1.59425e-06  0.000497887
    0.0414035  1.69707e-06  0.000513801
    0.0644931  1.81247e-06  0.000531226
    0.0892883  1.94210e-06  0.000550286
     0.115884  2.08785e-06  0.000571146
     0.144383  2.25194e-06  0.000593987
     0.174898  2.43693e-06  0.000619012
     0.207549  2.64580e-06  0.000646435
     0.242469  2.88204e-06  0.000676551
     0.279802  3.14971e-06  0.000709637
     0.319703  3.45359e-06  0.000746020
     0.362341  3.79927e-06  0.000785932
     0.407899  4.19331e-06  0.000830057
     0.456577  4.64347e-06  0.000878714
     0.508591  5.15890e-06  0.000931941
     0.564176  5.75042e-06  0.000991175
     0.623589  6.43089e-06   0.00105654
     0.687108  7.21558e-06   0.00112889
     0.755035  8.12269e-06   0.00120826
     0.827699  9.17396e-06   0.00129545
     0.905461  1.03954e-05   0.00139088
     0.988710  1.18184e-05   0.00149507
      1.07787  1.34803e-05   0.00160641
      1.17342  1.54266e-05   0.00172810
      1.27585  1.77121e-05   0.00186016
      1.38572  2.04033e-05   0.00200342
      1.50364  2.35807e-05   0.00216283
      1.63027  2.73428e-05   0.00234202
      1.76633  3.18095e-05   0.00254955
      1.91263  3.71278e-05   0.00279177
      2.07003  4.34782e-05   0.00307653
      2.23949  5.10824e-05   0.00341236
      2.42204  6.02143e-05   0.00380830
      2.61886  7.12126e-05   0.00427985
      2.83119  8.44972e-05   0.00483896
      3.06042  0.000100590   0.00550701
      3.30810  0.000120143   0.00630062
      3.57590  0.000143970   0.00724065
      3.86567  0.000173090   0.00835796
      4.17947  0.000208785   0.00969130
      4.51956  0.000252672    0.0112823
      4.88844  0.000306791    0.0131767
      5.28885  0.000373729    0.0154393
      5.72387  0.000456772    0.0181434
      6.19686  0.000560107    0.0213869
      6.71157  0.000689082    0.0252799
      7.27216  0.000850550    0.0299519
      7.88324   0.00105331    0.0355230
      8.54993   0.00130871    0.0422532
      9.27791   0.00163139    0.0503064
      10.0735   0.00204033    0.0599436
      10.9438   0.00256018    0.0714744
      11.8966   0.00322308    0.0851842
      12.9407   0.00407099     0.101553
      14.0859   0.00515890     0.120873
      15.3431   0.00655908     0.143599
      16.7244   0.00836675     0.170281
      18.2436    0.0107078     0.200986
      19.9159    0.0137490     0.236239
      21.7585    0.0177121     0.275371
      23.7905    0.0228928     0.319072
      26.0337    0.0296864     0.364951
      28.5121    0.0386227     0.411865
      30.0000    0.0448024     0.438121 
      33.0000    0.0591089     0.479565 
      36.0000    0.0761766     0.508556 
      39.0000    0.0962490     0.520443 
      42.0000     0.119570     0.510932 
      45.0000     0.146383     0.474411 
      48.0000     0.176931     0.388549 
      51.0000     0.211459     0.224569 
      54.0000     0.250210     0.250210 
      57.0000     0.293427     0.293427 
      60.0000     0.341355     0.341355 
      63.0000     0.394236     0.394236 
      66.0000     0.452315     0.452315 
      69.0000     0.515835     0.515835 
      72.0000     0.585039     0.585039 
      75.0000     0.660172     0.660172 
