      0.00000  1.50260e-06   0.00457739
    0.0199325  1.59425e-06   0.00466337
    0.0414035  1.69707e-06   0.00475567
    0.0644931  1.81247e-06   0.00485493
    0.0892883  1.94210e-06   0.00496260
     0.115884  2.08785e-06   0.00507486
     0.144383  2.25194e-06   0.00519748
     0.174898  2.43693e-06   0.00532556
     0.207549  2.64580e-06   0.00546475
     0.242469  2.88204e-06   0.00561277
     0.279802  3.14971e-06   0.00577347
     0.319703  3.45359e-06   0.00594406
     0.362341  3.79927e-06   0.00612954
     0.407899  4.19331e-06   0.00632858
     0.456577  4.64347e-06   0.00654263
     0.508591  5.15890e-06   0.00677365
     0.564176  5.75042e-06   0.00702365
     0.623589  6.43089e-06   0.00729725
     0.687108  7.21558e-06   0.00759362
     0.755035  8.12269e-06   0.00791606
     0.827699  9.17396e-06   0.00826918
     0.905461  1.03954e-05   0.00865644
     0.988710  1.18184e-05   0.00908318
      1.07787  1.34803e-05   0.00954649
      1.17342  1.54266e-05    0.0100602
      1.27585  1.77121e-05    0.0106204
      1.38572  2.04033e-05    0.0112585
      1.50364  2.35807e-05    0.0119515
      1.63027  2.73428e-05    0.0127256
      1.76633  3.18095e-05    0.0135858
      1.91263  3.71278e-05    0.0145536
      2.07003  4.34782e-05    0.0156267
      2.23949  5.10824e-05    0.0168441
      2.42204  6.02143e-05    0.0181899
      2.61886  7.12126e-05    0.0197185
      2.83119  8.44972e-05    0.0214341
      3.06042  0.000100590    0.0233920
      3.30810  0.000120143    0.0256069
      3.57590  0.000143970    0.0281079
      3.86567  0.000173090    0.0309786
      4.17947  0.000208785    0.0342389
      4.51956  0.000252672    0.0379626
      4.88844  0.000306791    0.0422386
      5.28885  0.000373729    0.0471099
      5.72387  0.000456772    0.0527320
      6.19686  0.000560107    0.0591794
      6.71157  0.000689082    0.0665949
      7.27216  0.000850550    0.0751254
      7.88324   0.00105331    0.0848546
      8.54993   0.00130871    0.0961639
      9.27791   0.00163139     0.109066
      10.0735   0.00204033     0.123862
      10.9438   0.00256018     0.140753
      11.8966   0.00322308     0.159910
      12.9407   0.00407099     0.181581
      14.0859   0.00515890     0.205976
      15.3431   0.00655908     0.233059
      16.7244   0.00836675     0.262713
      18.2436    0.0107078     0.295173
      19.9159    0.0137490     0.329624
      21.7585    0.0177121     0.364865
      23.7905    0.0228928     0.400305
      26.0337    0.0296864     0.433958
      28.5121    0.0386227     0.463183
      30.0000    0.0448024     0.477061
      33.0000    0.0591089     0.492419
      36.0000    0.0761766     0.494434
      39.0000    0.0962490     0.481859
      42.0000     0.119570     0.453717
      45.0000     0.146383     0.408339
      48.0000     0.176931     0.332889
      51.0000     0.211459     0.219698
      54.0000     0.250210     0.250210
      57.0000     0.293427     0.293427
      60.0000     0.341355     0.341355
      63.0000     0.394236     0.394236
      66.0000     0.452315     0.452315
      69.0000     0.515835     0.515835
      72.0000     0.585039     0.585039
      75.0000     0.660172     0.660172
