      0.00000  1.50260e-06  0.000746704
    0.0199325  1.59425e-06  0.000770101
    0.0414035  1.69707e-06  0.000795798
    0.0644931  1.81247e-06  0.000823767
    0.0892883  1.94210e-06  0.000854524
     0.115884  2.08785e-06  0.000888209
     0.144383  2.25194e-06  0.000925109
     0.174898  2.43693e-06  0.000965304
     0.207549  2.64580e-06   0.00100938
     0.242469  2.88204e-06   0.00105781
     0.279802  3.14971e-06   0.00111120
     0.319703  3.45359e-06   0.00116990
     0.362341  3.79927e-06   0.00123478
     0.407899  4.19331e-06   0.00130571
     0.456577  4.64347e-06   0.00138417
     0.508591  5.15890e-06   0.00146781
     0.564176  5.75042e-06   0.00155728
     0.623589  6.43089e-06   0.00165597
     0.687108  7.21558e-06   0.00176487
     0.755035  8.12269e-06   0.00188479
     0.827699  9.17396e-06   0.00201709
     0.905461  1.03954e-05   0.00217273
     0.988710  1.18184e-05   0.00269194
      1.07787  1.34803e-05   0.00244493
      1.17342  1.54266e-05   0.00260701
      1.27585  1.77121e-05   0.00278011
      1.38572  2.04033e-05   0.00296406
      1.50364  2.35807e-05   0.00316764
      1.63027  2.73428e-05   0.00339605
      1.76633  3.18095e-05   0.00365877
      1.91263  3.71278e-05   0.00396251
      2.07003  4.34782e-05   0.00431711
      2.23949  5.10824e-05   0.00472797
      2.42204  6.02143e-05   0.00521533
      2.61886  7.12126e-05   0.00579379
      2.83119  8.44972e-05   0.00647937
      3.06042  0.000100590   0.00729172
      3.30810  0.000120143   0.00825123
      3.57590  0.000143970   0.00938376
      3.86567  0.000173090    0.0107175
      4.17947  0.000208785    0.0123144
      4.51956  0.000252672    0.0141951
      4.88844  0.000306791    0.0164210
      5.28885  0.000373729    0.0190637
      5.72387  0.000456772    0.0221985
      6.19686  0.000560107    0.0259247
      6.71157  0.000689082    0.0303861
      7.27216  0.000850550    0.0356881
      7.88324   0.00105331    0.0420068
      8.54993   0.00130871    0.0495114
      9.27791   0.00163139    0.0585695
      10.0735   0.00204033    0.0693264
      10.9438   0.00256018    0.0821488
      11.8966   0.00322308    0.0973680
      12.9407   0.00407099     0.115333
      14.0859   0.00515890     0.136532
      15.3431   0.00655908     0.161138
      16.7244   0.00836675     0.190135
      18.2436    0.0107078     0.222969
      19.9159    0.0137490     0.259869
      21.7585    0.0177121     0.300489
      23.7905    0.0228928     0.345242
      26.0337    0.0296864     0.391886
      28.5121    0.0386227     0.438893
      30.0000    0.0448024     0.464689
      33.0000    0.0591089     0.504406
      36.0000    0.0761766     0.530588
      39.0000    0.0962490     0.538374
      42.0000     0.119570     0.523586
      45.0000     0.146383     0.481055
      48.0000     0.176931     0.389642
      51.0000     0.211459     0.224569
      54.0000     0.250210     0.250210
      57.0000     0.293427     0.293427
      60.0000     0.341355     0.341355
      63.0000     0.394236     0.394236
      66.0000     0.452315     0.452315
      69.0000     0.515835     0.515835
      72.0000     0.585039     0.585039
      75.0000     0.660172     0.660172
