      0.00000  1.50260e-06   0.00621719
    0.0199325  1.59425e-06   0.00634295
    0.0414035  1.69707e-06   0.00647764
    0.0644931  1.81247e-06   0.00662235
    0.0892883  1.94210e-06   0.00677766
     0.115884  2.08785e-06   0.00694429
     0.144383  2.25194e-06   0.00712300
     0.174898  2.43693e-06   0.00731368
     0.207549  2.64580e-06   0.00751691
     0.242469  2.88204e-06   0.00773659
     0.279802  3.14971e-06   0.00797215
     0.319703  3.45359e-06   0.00822523
     0.362341  3.79927e-06   0.00849563
     0.407899  4.19331e-06   0.00878897
     0.456577  4.64347e-06   0.00910637
     0.508591  5.15890e-06   0.00944028
     0.564176  5.75042e-06   0.00977862
     0.623589  6.43089e-06    0.0101521
     0.687108  7.21558e-06    0.0105581
     0.755035  8.12269e-06    0.0110005
     0.827699  9.17396e-06    0.0114913
     0.905461  1.03954e-05    0.0120679
     0.988710  1.18184e-05    0.0139782
      1.07787  1.34803e-05    0.0131117
      1.17342  1.54266e-05    0.0137533
      1.27585  1.77121e-05    0.0144607
      1.38572  2.04033e-05    0.0152341
      1.50364  2.35807e-05    0.0160932
      1.63027  2.73428e-05    0.0170374
      1.76633  3.18095e-05    0.0180845
      1.91263  3.71278e-05    0.0192619
      2.07003  4.34782e-05    0.0205355
      2.23949  5.10824e-05    0.0219313
      2.42204  6.02143e-05    0.0235028
      2.61886  7.12126e-05    0.0252634
      2.83119  8.44972e-05    0.0272237
      3.06042  0.000100590    0.0294556
      3.30810  0.000120143    0.0319653
      3.57590  0.000143970    0.0347931
      3.86567  0.000173090    0.0380062
      4.17947  0.000208785    0.0416366
      4.51956  0.000252672    0.0457761
      4.88844  0.000306791    0.0504956
      5.28885  0.000373729    0.0558515
      5.72387  0.000456772    0.0619856
      6.19686  0.000560107    0.0689819
      6.71157  0.000689082    0.0769941
      7.27216  0.000850550    0.0861693
      7.88324   0.00105331    0.0965763
      8.54993   0.00130871     0.108639
      9.27791   0.00163139     0.122287
      10.0735   0.00204033     0.137878
      10.9438   0.00256018     0.155593
      11.8966   0.00322308     0.175583
      12.9407   0.00407099     0.198121
      14.0859   0.00515890     0.223264
      15.3431   0.00655908     0.251086
      16.7244   0.00836675     0.281381
      18.2436    0.0107078     0.314387
      19.9159    0.0137490     0.349124
      21.7585    0.0177121     0.384375
      23.7905    0.0228928     0.419577
      26.0337    0.0296864     0.452515
      28.5121    0.0386227     0.480563
      30.0000    0.0448024     0.493588
      33.0000    0.0591089     0.506631
      36.0000    0.0761766     0.506064
      39.0000    0.0962490     0.490586
      42.0000     0.119570     0.459350
      45.0000     0.146383     0.411004
      48.0000     0.176931     0.333266
      51.0000     0.211459     0.219698
      54.0000     0.250210     0.250210
      57.0000     0.293427     0.293427
      60.0000     0.341355     0.341355
      63.0000     0.394236     0.394236
      66.0000     0.452315     0.452315
      69.0000     0.515835     0.515835
      72.0000     0.585039     0.585039
      75.0000     0.660172     0.660172
