      0.00000  1.50260e-18  1.27654e-07
    0.0199325  1.62603e-18  1.31074e-07
    0.0414035  1.76733e-18  1.34785e-07
    0.0644931  1.92936e-18  1.36819e-07
    0.0892883  2.11550e-18  1.41228e-07
     0.115884  2.32980e-18  1.46002e-07
     0.144383  2.57708e-18  1.51168e-07
     0.174898  2.86314e-18  1.56755e-07
     0.207549  3.19493e-18  1.60347e-07
     0.242469  3.58084e-18  1.66980e-07
     0.279802  4.03101e-18  1.74146e-07
     0.319703  4.55772e-18  1.81886e-07
     0.362341  5.17590e-18  1.87275e-07
     0.407899  5.90375e-18  1.96472e-07
     0.456577  6.76357e-18  2.06403e-07
     0.508591  7.78266e-18  2.13619e-07
     0.564176  8.99467e-18  2.25376e-07
     0.623589  1.04411e-17  2.38029e-07
     0.687108  1.21735e-17  2.47802e-07
     0.755035  1.42556e-17  2.62684e-07
     0.827699  1.67672e-17  2.74091e-07
     0.905461  1.98081e-17  2.91619e-07
     0.988710  2.35033e-17  3.11249e-07
      1.07787  2.80104e-17  3.17787e-07
      1.17342  3.35285e-17  3.39069e-07
      1.27585  4.03101e-17  3.54588e-07
      1.38572  4.86764e-17  3.70642e-07
      1.50364  5.90375e-17  3.96671e-07
      1.63027  7.19188e-17  4.15580e-07
      1.76633  8.79957e-17  4.35531e-07
      1.91263  1.08140e-16  4.56701e-07
      2.07003  1.33479e-16  4.79591e-07
      2.23949  1.65481e-16  5.04029e-07
      2.42204  2.06056e-16  5.30838e-07
      2.61886  2.57708e-16  5.60407e-07
      2.83119  3.23725e-16  5.91934e-07
      3.06042  4.08440e-16  6.26385e-07
      3.30810  5.17590e-16  6.63682e-07
      3.57590  6.58790e-16  6.81288e-07
      3.86567  8.42197e-16  7.22377e-07
      4.17947  1.08140e-15  7.39553e-07
      4.51956  1.39464e-15  7.83712e-07
      4.88844  1.80652e-15  7.99989e-07
      5.28885  2.35033e-15  8.14651e-07
      5.72387  3.07127e-15  8.27558e-07
      6.19686  4.03101e-15  8.39244e-07
      6.71157  5.31391e-15  8.48223e-07
      7.27216  7.03589e-15  8.54492e-07
      7.88324  9.35682e-15  8.57797e-07
      8.54993  1.24981e-14  8.21064e-07
      9.27791  1.67672e-14  8.17495e-07
      10.0735  2.25936e-14  7.75045e-07
      10.9438  3.05784e-14  7.30439e-07
      11.8966  4.15669e-14  6.83007e-07
      12.9407  5.67526e-14  6.02988e-07
      14.0859  7.78266e-14  5.27110e-07
      15.3431  1.07195e-13  4.56827e-07
      16.7244  1.48296e-13  3.93405e-07
      18.2436  2.06056e-13  3.17187e-07
      19.9159  2.87572e-13  2.53420e-07
      21.7585  4.03101e-13  1.88523e-07
      23.7905  5.67525e-13  1.47929e-07
      26.0337  8.02531e-13  1.01023e-07
      28.5121  1.13984e-12  6.81461e-08
      30.0000  1.38768e-12  5.40867e-08
      33.0000  2.00797e-12  3.12472e-08
      36.0000  2.81611e-12  1.89477e-08
      39.0000  3.84665e-12  1.12580e-08
      42.0000  5.13708e-12  6.50855e-09
      45.0000  6.72781e-12  3.58276e-09
      48.0000  8.66217e-12  1.56967e-09
      51.0000  1.09864e-11  1.44230e-10
      54.0000  1.37497e-11  1.37497e-11
      57.0000  1.70041e-11  1.70041e-11
      60.0000  2.08047e-11  2.08047e-11
      63.0000  2.52094e-11  2.52094e-11
      66.0000  3.02790e-11  3.02790e-11
      69.0000  3.60774e-11  3.60774e-11
      72.0000  4.26711e-11  4.26711e-11
      75.0000  5.01299e-11  5.01299e-11
